################################################################################
# Symmetry function scaling data.
################################################################################
# Col  Name     Description
################################################################################
# 1    e_index  Element index.
# 2    sf_index Symmetry function index.
# 3    sf_min   Symmetry function minimum.
# 4    sf_max   Symmetry function maximum.
# 5    sf_mean  Symmetry function mean.
# 6    sf_sigma Symmetry function sigma.
#########################################################################################################################
#        1          2                        3                        4                        5                        6
#  e_index   sf_index                   sf_min                   sf_max                  sf_mean                 sf_sigma
#########################################################################################################################
         1          1   7.2421640445265417E-04   8.4135735540898662E-02   3.2439812488968121E-02   6.3150296145503722E-03
         1          2   0.0000000000000000E+00   1.5485410450678452E-01   8.0002429137578985E-05   2.2142475365533321E-03
         1          3   6.3222866790738994E-03   2.0917136534186609E-01   1.5433855206797711E-01   9.3787547543225727E-03
         1          4   0.0000000000000000E+00   8.1139451194336808E-03   9.5347451964264273E-06   6.8637373571956450E-05
         1          5   0.0000000000000000E+00   2.1083174573925261E-02   1.7191945310171349E-04   6.7232908993518164E-04
         1          6   1.9283573597047778E-02   4.1830338886801299E-01   1.8647246621728442E-01   2.9736175074329067E-02
         1          7   0.0000000000000000E+00   5.7716886897193176E-01   8.4922302200138430E-04   1.2337272965349866E-02
         1          8   7.3260786382683962E-02   5.6354177603478495E-01   3.5638085569706734E-01   3.3400409844094849E-02
         1          9   0.0000000000000000E+00   6.4670939294240545E-02   2.5841167110072144E-04   1.0636685638782820E-03
         1         10   0.0000000000000000E+00   1.1825866811104732E-01   2.2073958686702694E-03   7.1066862098210582E-03
         1         11   1.6143570737543764E-01   1.1202064676810759E+00   5.1518967738059163E-01   1.0822745828746690E-01
         1         12   0.0000000000000000E+00   1.2956771096216004E+00   6.1846160139448023E-03   3.8844491333758474E-02
         1         13   2.3161440512650072E-01   8.4344177930662778E-01   3.8992311643833527E-01   8.1294103416817434E-02
         1         14   0.0000000000000000E+00   1.8962331528386817E-01   3.0181874200915573E-03   8.2968528038705365E-03
         1         15   0.0000000000000000E+00   2.4402568733101646E-01   1.1497374811751409E-02   3.0884135304610691E-02
         1         16   1.5376510254912962E-01   1.8386477530233964E+00   8.6402715037276079E-01   2.0752059882811472E-01
         1         17   0.0000000000000000E+00   1.4943991701782131E+00   2.8238011212188240E-02   1.0079865832114596E-01
         1         18   6.0498803778185756E-02   1.0523481888040129E+00   3.6018074716033704E-01   1.0367005000107349E-01
         1         19   0.0000000000000000E+00   3.1866006928864826E-01   1.5125375243479934E-02   3.1891933798991474E-02
         1         20   0.0000000000000000E+00   3.4657647376929529E-01   2.5985933840774085E-02   5.7192640961243942E-02
         1         21   4.1984292201117421E-02   2.0017403522699198E+00   1.0369363615394818E+00   2.4166476659814493E-01
         1         22   0.0000000000000000E+00   1.4162985046259386E+00   7.5307988876213053E-02   1.9853706708078692E-01
         1         23   6.6679136488979685E-03   1.0935935682371276E+00   4.5857523053660432E-01   1.2992490199945336E-01
         1         24   0.0000000000000000E+00   4.4152749410764464E-01   3.3097125353099548E-02   5.8074857632580953E-02
         1         25   0.0000000000000000E+00   3.9066141216772027E-01   3.0978724264536382E-02   5.2286336681426064E-02
         1         26   1.3558460281426619E-02   1.7778525601036799E+00   9.7348810343795400E-01   2.1817141962951545E-01
         1         27   0.0000000000000000E+00   1.0511533578411794E+00   1.1856306250044227E-01   2.6403941085007648E-01
         1         28   3.0835996665639943E-03   9.7357747898191827E-01   5.1705861727947355E-01   1.2138887831810874E-01
         1         29   0.0000000000000000E+00   3.4697310029412454E-01   3.3914165227226824E-02   5.1302055461709316E-02
         1         30   0.0000000000000000E+00   2.6421251069473478E-01   2.7469036263283796E-02   3.8521254818133219E-02
         1         31   2.3085880936346753E-02   1.2286886791530998E+00   7.2543524824864924E-01   1.5911373620900712E-01
         1         32   0.0000000000000000E+00   9.9967170323385413E-01   1.1544581942089127E-01   2.3481317792197404E-01
         1         33   5.9290719886773043E-03   6.9825549901781159E-01   3.8332543072547354E-01   8.8411525989441672E-02
         1         34   0.0000000000000000E+00   2.0912551387316991E-01   1.9967052381282560E-02   2.6527264307833406E-02
         1         35   0.0000000000000000E+00   1.9109347619725656E-01   2.0231971558694606E-02   2.6747154454125486E-02
         1         36   1.5208182285164904E-02   6.8447891953753104E-01   3.9779964646286092E-01   8.9630964379703665E-02
         1         37   0.0000000000000000E+00   5.9558036794508940E-01   7.2829420920578827E-02   1.3893614712883245E-01
         1         38   6.1151395998202303E-03   3.5095229728298516E-01   1.9659702911239429E-01   4.7940686044143109E-02
         1         39   0.0000000000000000E+00   1.0091451467579815E-01   9.5414138557318191E-03   1.2271586207180303E-02
         1         40   0.0000000000000000E+00   1.0613418331868386E-01   1.0871452159419618E-02   1.3618548334573150E-02
         1         41   3.7244021131589730E-03   2.5588965461945784E-01   1.5164200629333754E-01   3.5561841325336456E-02
         1         42   0.0000000000000000E+00   2.4563474221447432E-01   3.0081064203076515E-02   5.4555518400001557E-02
         1         43   5.5248563686154301E-04   1.4597230837702671E-01   7.3682055085823275E-02   1.9045593840053048E-02
         1         44   0.0000000000000000E+00   4.8324967386538985E-02   3.9377808172376041E-03   5.0233206257685129E-03
         1         45   0.0000000000000000E+00   3.6863622831612104E-02   4.0848099248609352E-03   5.0325750359716806E-03
         1         46   3.6933465581083307E-04   6.4569304841643235E-02   3.7531905040907559E-02   9.1858726193950798E-03
         1         47   0.0000000000000000E+00   5.5094330343398855E-02   7.7514378512731899E-03   1.3567655030710028E-02
         1         48   1.2377793832988839E-05   3.7267155750673173E-02   1.8562079300654240E-02   5.1098059921783076E-03
         1         49   0.0000000000000000E+00   1.0925414998555502E-02   1.0801343779808913E-03   1.3515379702770361E-03
         1         50   0.0000000000000000E+00   9.4141106491844838E-03   1.0147444249220829E-03   1.2632241175485036E-03
         1         51   5.0403086529937436E-06   8.8764311998078549E-02   2.0590416840160108E-02   8.3333973682660073E-03
         1         52   0.0000000000000000E+00   8.8725196561956779E-02   1.0132012954094866E-03   3.0905334078003359E-03
         1         53   3.9610805066650186E-03   1.4553713594700707E-01   3.9107055167670692E-02   1.3174243301068504E-02
         1         54   0.0000000000000000E+00   1.5748129610378556E-02   6.4833152331959971E-04   1.1773820612114060E-03
         1         55   0.0000000000000000E+00   2.0155238703515627E-02   1.0185939895013729E-03   2.1372531337773876E-03
         1         56   0.0000000000000000E+00   9.3520973156166934E-02   5.4853886262598225E-04   2.6546631160599791E-03
         1         57   0.0000000000000000E+00   1.2635594638592748E-01   1.2802718210768980E-03   4.0501720495154138E-03
         1         58   0.0000000000000000E+00   6.1768403850670488E-03   1.1880893410407849E-05   9.2283664335074918E-05
         1         59   0.0000000000000000E+00   3.8544802201662038E-03   2.0537207743484135E-05   1.4764430310045882E-04
         1         60   2.7094849887904781E-06   6.0795414037589202E-02   1.3317116084528180E-02   5.8334772081913757E-03
         1         61   0.0000000000000000E+00   1.9045236796837610E-02   5.8129098636087952E-04   1.1729700434296333E-03
         1         62   0.0000000000000000E+00   1.5873413221753414E-02   1.0337699278214075E-03   2.1774064105896719E-03
         1         63   0.0000000000000000E+00   9.3748490094576671E-04   6.3667080649121427E-06   3.2404050362369579E-05
         1         64   0.0000000000000000E+00   3.3427726999505393E-03   2.7699198197175228E-05   1.1435904007970513E-04
         1         65   0.0000000000000000E+00   9.7855714523577991E-04   2.5837420542570595E-06   2.2076443040072544E-05
         1         66   2.5984069338909828E-05   1.8871950417913344E-01   5.4352548666570605E-02   1.8830496087690145E-02
         1         67   0.0000000000000000E+00   1.7556446006774210E-01   1.7613196328715279E-03   5.1077160243311057E-03
         1         68   3.9030966751047211E-02   3.8140096136999080E-01   1.4524917346733693E-01   3.3411024186543535E-02
         1         69   0.0000000000000000E+00   2.4425028060405782E-02   1.4154422881675871E-03   2.2856318815132623E-03
         1         70   0.0000000000000000E+00   2.9876449595018544E-02   2.4982605736148344E-03   4.0643556406290944E-03
         1         71   0.0000000000000000E+00   2.9724892860504332E-01   4.7570423213784902E-03   1.5063060604126212E-02
         1         72   0.0000000000000000E+00   8.4902203478136914E-02   1.3248208527518312E-03   3.5563532108947382E-03
         1         73   0.0000000000000000E+00   4.7019921259870302E-03   1.9870445269807754E-05   1.3015808454092237E-04
         1         74   0.0000000000000000E+00   6.3385268178235378E-03   3.6717338778878825E-05   2.5280045666158622E-04
         1         75   4.3733665624526962E-05   8.0808489019256594E-02   1.2547958859183165E-02   4.5015350286852348E-03
         1         76   0.0000000000000000E+00   3.3073093505611460E-02   2.0039381629495018E-03   3.5033969422621609E-03
         1         77   0.0000000000000000E+00   7.1004083292066124E-03   6.9641964291693268E-04   1.0094023019672504E-03
         1         78   0.0000000000000000E+00   1.7989275844563640E-03   1.1422643001403204E-05   6.2587439484662952E-05
         1         79   0.0000000000000000E+00   5.6617149822840284E-03   6.9818625685619148E-05   2.6350165597308805E-04
         1         80   0.0000000000000000E+00   9.5539359093564028E-04   3.1708851848570021E-06   2.6527966954820371E-05
         1         81   1.4752586757836375E-07   1.9017485606569969E-02   3.8566446329452715E-03   1.9181657149958569E-03
         1         82   0.0000000000000000E+00   3.1950299951239658E-02   2.0646419632015342E-04   8.9502780898157970E-04
         1         83   6.4995890502349469E-06   3.7168030446028746E-02   1.0936922030446113E-02   5.4231421585252881E-03
         1         84   0.0000000000000000E+00   4.1152903270773485E-03   6.0822744710971690E-05   1.4183965756571246E-04
         1         85   0.0000000000000000E+00   7.2711062863746768E-03   2.6830990800389836E-04   7.0070664553220641E-04
         1         86   0.0000000000000000E+00   9.4866377543645162E-03   8.1895462826649294E-06   1.7496580212714177E-04
         1         87   0.0000000000000000E+00   5.6893810774072399E-02   4.1966179785957137E-04   1.8642670653883119E-03
         1         88   0.0000000000000000E+00   2.9799329926387770E-03   1.6405336569116058E-06   2.3821651706831724E-05
         1         89   0.0000000000000000E+00   7.1656903433055231E-04   2.0858688070413245E-06   1.6745549074879503E-05
         1         90   1.9940234468793211E-08   2.7928036074833459E-02   7.1267635451029840E-03   4.3809194131587030E-03
         1         91   0.0000000000000000E+00   4.5405742473353765E-03   5.4381220570581554E-05   1.4425521145217528E-04
         1         92   0.0000000000000000E+00   1.3049708551569672E-02   6.4227926468063618E-04   1.6560695171575592E-03
         1         93   0.0000000000000000E+00   1.9722283629013080E-04   5.4196425875278889E-07   3.4946866479678085E-06
         1         94   0.0000000000000000E+00   6.0662730352092074E-04   3.4149377628285453E-06   1.7884668527847789E-05
         1         95   0.0000000000000000E+00   2.3472643319640704E-04   3.9908094896950136E-07   3.4587756048219132E-06
         1         96   1.7675078754036017E-05   9.7329103024175162E-02   3.0407664979806737E-02   9.8108274453284315E-03
         1         97   0.0000000000000000E+00   9.0136850766022986E-02   7.4125050435523547E-04   2.4870258787915603E-03
         1         98   2.6027014808566638E-02   2.3287886353915258E-01   1.0151089399432078E-01   2.2287349629653001E-02
         1         99   0.0000000000000000E+00   1.1322252539696541E-02   5.7538165197918714E-04   8.8069664364471547E-04
         1        100   0.0000000000000000E+00   1.4489081173105694E-02   1.4018296213395829E-03   2.1213115539622453E-03
         1        101   0.0000000000000000E+00   1.6908151648660508E-01   3.5855547385737134E-03   1.0626684946393067E-02
         1        102   0.0000000000000000E+00   2.9359371001214381E-02   4.2223055186348276E-04   1.2110631621362309E-03
         1        103   0.0000000000000000E+00   1.0685173739788461E-03   6.6921973464630877E-06   4.3724631062510716E-05
         1        104   0.0000000000000000E+00   2.0848183885408024E-03   1.2487606904177058E-05   8.4838364909946447E-05
         1        105   8.6109509190311045E-06   3.5636377598278549E-02   5.2007500508284895E-03   1.8764693826545434E-03
         1        106   0.0000000000000000E+00   1.5854716139326361E-02   1.1114190250066025E-03   1.8976437474158214E-03
         1        107   0.0000000000000000E+00   2.7696148272872241E-03   2.5344192390987599E-04   3.4734893593099165E-04
         1        108   0.0000000000000000E+00   5.1110488876808925E-04   3.6565883580618048E-06   2.2458734851994194E-05
         1        109   0.0000000000000000E+00   2.7488232483885524E-03   3.3249467859398507E-05   1.2133596035294004E-04
         1        110   0.0000000000000000E+00   1.9143401077886335E-04   7.6488424718101740E-07   6.1363283298698602E-06
         2          1   8.5564988734705819E-21   1.0363937784521336E-01   1.3553269171930003E-04   1.8678588487193927E-03
         2          2   1.3614996695142398E-01   1.3670376941759829E-01   1.3642652400127903E-01   1.0217274782778311E-04
         2          3   0.0000000000000000E+00   3.9255097612000715E-03   3.1237261051957205E-06   5.1853755231857961E-05
         2          4   0.0000000000000000E+00   1.3593846362333156E-04   5.4720068061274309E-08   1.2032715550450935E-06
         2          5   0.0000000000000000E+00   7.0843537256441117E-05   6.0328344655248396E-08   9.2645657584392726E-07
         2          6   3.1682544605093410E-17   2.7798766171260814E-01   1.4386748412840637E-03   9.5893924087149095E-03
         2          7   5.9734988125924771E-01   5.9874062617347434E-01   5.9804164268729376E-01   2.5004287191945164E-04
         2          8   0.0000000000000000E+00   3.9747726840852565E-02   1.0010260888533349E-04   6.9844914475066129E-04
         2          9   0.0000000000000000E+00   3.4429390107312001E-03   2.6696652615399629E-06   3.9815171644192191E-05
         2         10   0.0000000000000000E+00   2.0909793787141388E-03   3.1537645945163944E-06   3.5756538245328808E-05
         2         11   4.3292458164519627E-14   5.3526069521013908E-01   1.0477402557099318E-02   2.7253304914625166E-02
         2         12   1.2070698630788796E+00   1.2083137295040616E+00   1.2076848307401231E+00   2.5230863205776748E-04
         2         13   0.0000000000000000E+00   1.5226088644909155E-01   1.6623289997254583E-03   4.9795546081462354E-03
         2         14   0.0000000000000000E+00   3.2079040580500755E-02   5.6600654337713055E-05   5.4739427800070328E-04
         2         15   0.0000000000000000E+00   2.2704099366322495E-02   6.9198494016301131E-05   5.5627244720780347E-04
         2         16   2.1841087920762124E-11   7.5618647817098306E-01   4.7838218284673745E-02   5.4175331878475674E-02
         2         17   1.5734693081990405E+00   1.5749755250124633E+00   1.5741203218313307E+00   2.7956807704078044E-04
         2         18   0.0000000000000000E+00   3.3587298389760606E-01   1.3383145323956656E-02   1.9990569076395591E-02
         2         19   0.0000000000000000E+00   1.0995627256013428E-01   5.3669047202438273E-04   3.3681075441535781E-03
         2         20   0.0000000000000000E+00   9.0691262989273186E-02   6.5817034289567824E-04   3.6841018473287254E-03
         2         21   4.0703472521271612E-09   8.1879539693102865E-01   1.2757980664322027E-01   7.9130802210876400E-02
         2         22   1.4565000084987554E+00   1.4571170478987352E+00   1.4568084699931600E+00   1.2591248794421555E-04
         2         23   0.0000000000000000E+00   5.4630673345649816E-01   5.1492804404875477E-02   4.1374617717873471E-02
         2         24   0.0000000000000000E+00   1.3865160371663091E-01   2.3503174344607033E-03   1.0037351630352478E-02
         2         25   0.0000000000000000E+00   1.3326996552536505E-01   2.8235209247792574E-03   1.1176544366495778E-02
         2         26   2.8037978590031819E-07   8.7163071116567137E-01   2.0085853857680533E-01   8.0847375784145262E-02
         2         27   9.5946412716526785E-01   9.6015625416887163E-01   9.5986079262579393E-01   1.2625192416635393E-04
         2         28   0.0000000000000000E+00   5.3120263112449972E-01   9.8737228090975418E-02   4.6362690965163225E-02
         2         29   0.0000000000000000E+00   1.1739539153286892E-01   4.9947691768198604E-03   1.5354077678973068E-02
         2         30   0.0000000000000000E+00   1.4249031192199124E-01   5.7842865732975375E-03   1.6802099521067110E-02
         2         31   7.1436599975784222E-06   6.7461979632641123E-01   1.9557759461211197E-01   5.8921066955539093E-02
         2         32   6.0943791277323400E-01   6.0985016516278823E-01   6.0964715158316429E-01   7.5461459448280570E-05
         2         33   0.0000000000000000E+00   3.7185154662832925E-01   1.0294879077880728E-01   3.4279708211934219E-02
         2         34   0.0000000000000000E+00   9.4576068538867464E-02   5.5876013236723010E-03   1.3120987266575838E-02
         2         35   0.0000000000000000E+00   9.4238458065789427E-02   6.1733301631375029E-03   1.3923719457990279E-02
         2         36   6.7374301673430969E-05   3.4336866302874519E-01   1.2338084680840548E-01   3.2544881097495267E-02
         2         37   3.2874805380094435E-01   3.2896077565004239E-01   3.2886930402706738E-01   3.2709031682885693E-05
         2         38   0.0000000000000000E+00   2.0550984221752278E-01   6.4667903655583905E-02   1.9148062765085291E-02
         2         39   0.0000000000000000E+00   5.1892901706454643E-02   3.6564420825432554E-03   7.2751047251425546E-03
         2         40   0.0000000000000000E+00   4.5749109952915472E-02   3.8306285015370181E-03   7.4753460699246831E-03
         2         41   2.3542211913762663E-04   1.3309290327822390E-01   5.0960547638034093E-02   1.3135701341340471E-02
         2         42   1.2348454445928132E-01   1.2355199323945515E-01   1.2352116095551645E-01   1.4749061105898672E-05
         2         43   0.0000000000000000E+00   7.2478231055626022E-02   2.5944671406304038E-02   7.7956838644568181E-03
         2         44   0.0000000000000000E+00   2.2431170839828825E-02   1.5073445642607428E-03   2.8365568398757862E-03
         2         45   0.0000000000000000E+00   2.2441271329086378E-02   1.4967508199199599E-03   2.8377888462411036E-03
         2         46   3.0506877310994729E-04   3.4825202284001718E-02   1.3131766722623728E-02   3.5329264092623506E-03
         2         47   2.8015404401633352E-02   2.8028215758289687E-02   2.8021261366782350E-02   2.2704396505849927E-06
         2         48   0.0000000000000000E+00   1.7329229971651882E-02   6.4951048792512983E-03   2.1073504143592214E-03
         2         49   0.0000000000000000E+00   5.5930245958480335E-03   3.8497296907204925E-04   7.2592432989338450E-04
         2         50   0.0000000000000000E+00   5.6835555445619640E-03   3.6563665536039678E-04   7.1250059666420873E-04
         2         51   0.0000000000000000E+00   1.6701562371561157E-02   2.3531777312496007E-04   6.5934884693617628E-04
         2         52   6.0437760336646500E-08   1.0323358745315749E-01   6.4065170039009234E-03   6.1061005122424478E-03
         2         53   0.0000000000000000E+00   1.4061994752454910E-02   2.1757028734283021E-04   5.9503292510025498E-04
         2         54   0.0000000000000000E+00   1.7856459712161431E-03   7.8490414618593608E-06   2.7465384885596869E-05
         2         55   0.0000000000000000E+00   7.1367697229033841E-04   1.0881836096623904E-05   3.6637997212096564E-05
         2         56   9.7801380225502360E-02   9.8074565226463448E-02   9.7933773998349474E-02   5.0380467393522413E-05
         2         57   0.0000000000000000E+00   3.6457097421742198E-02   2.2453166601629337E-03   2.0546242752588493E-03
         2         58   0.0000000000000000E+00   1.0007307306472469E-02   1.0141771269397798E-04   4.1485389802986328E-04
         2         59   0.0000000000000000E+00   8.2909515755720566E-03   1.2085627446911598E-04   4.5753238806677589E-04
         2         60   0.0000000000000000E+00   2.7800944187096367E-03   3.7814152260613427E-05   1.1698909318896472E-04
         2         61   0.0000000000000000E+00   7.8571487727410359E-04   5.1362344442007901E-06   1.8059346391733616E-05
         2         62   0.0000000000000000E+00   1.7236875776516927E-04   3.3394742234419565E-06   1.0079668118111877E-05
         2         63   0.0000000000000000E+00   1.7841308488426343E-05   1.1195780323083571E-08   2.0624412451654094E-07
         2         64   0.0000000000000000E+00   2.7744446623578659E-04   7.7524564270229797E-07   5.8217315140395948E-06
         2         65   0.0000000000000000E+00   1.8908686390215735E-05   1.2626033070015220E-08   2.7689937264263717E-07
         2         66   0.0000000000000000E+00   5.9267390901614682E-02   2.1148501761181155E-03   2.5684276085416089E-03
         2         67   4.0522536329226845E-07   2.2108703776381533E-01   1.1569929630408302E-02   1.1624294410455019E-02
         2         68   0.0000000000000000E+00   9.7481778230258734E-02   4.1957359843337204E-03   4.6499107049590913E-03
         2         69   0.0000000000000000E+00   6.7210275081642373E-03   4.5941130204307811E-05   1.4802617166207368E-04
         2         70   0.0000000000000000E+00   4.9107763720386529E-03   8.6113503757360039E-05   2.7065637915187741E-04
         2         71   2.4272277733274211E-01   2.4311884039499182E-01   2.4292396598973265E-01   9.0936124696942061E-05
         2         72   0.0000000000000000E+00   6.0170422911527868E-02   3.8467636473888370E-03   3.4004485020037454E-03
         2         73   0.0000000000000000E+00   1.0758543316586404E-02   1.7124914646628544E-04   5.7719090172806808E-04
         2         74   0.0000000000000000E+00   8.8697383310902597E-03   2.0468325522819721E-04   6.4475581398749373E-04
         2         75   0.0000000000000000E+00   1.5624237665653400E-02   2.1674750942323362E-04   6.1809939221705245E-04
         2         76   0.0000000000000000E+00   5.0546009519124094E-03   4.6196392122942213E-05   1.5024052790995246E-04
         2         77   0.0000000000000000E+00   7.9148933103615653E-04   1.6660493356295859E-05   4.6964109656022868E-05
         2         78   0.0000000000000000E+00   5.5769961579502568E-05   5.6103807446458042E-08   9.2689553038170868E-07
         2         79   0.0000000000000000E+00   1.6297739627109758E-03   5.3996534335991302E-06   3.6739352088478220E-05
         2         80   0.0000000000000000E+00   3.3947784114497160E-05   2.7406158431208434E-08   5.3739233402120290E-07
         2         81   0.0000000000000000E+00   1.6564374666544037E-03   4.1282116370651515E-06   5.5838544889815441E-05
         2         82   4.1804785524439587E-10   2.0658209943845332E-02   7.4036168483074087E-04   1.0211634689182567E-03
         2         83   0.0000000000000000E+00   4.8970260816426142E-04   1.8030856469053424E-06   1.6442919231727238E-05
         2         84   0.0000000000000000E+00   3.5236218795369707E-05   4.6333462650442050E-08   2.7282912282430492E-07
         2         85   0.0000000000000000E+00   2.0227355183475555E-05   5.5077429675116214E-08   2.5120241671751759E-07
         2         86   3.0379972791150855E-02   3.0487145402923341E-02   3.0432645644733046E-02   1.9433104328530049E-05
         2         87   0.0000000000000000E+00   4.7824465901081768E-03   2.3520670000499861E-04   2.5610057872757567E-04
         2         88   0.0000000000000000E+00   1.2707490891419567E-03   1.0387291213708867E-05   4.8891576843380499E-05
         2         89   0.0000000000000000E+00   1.0469965158816344E-03   1.2428028096335241E-05   5.3710428280621978E-05
         2         90   0.0000000000000000E+00   3.9900991366766349E-05   2.5113559802582824E-07   1.4336246055328940E-06
         2         91   0.0000000000000000E+00   4.7193975175503955E-06   1.2156594434080181E-08   5.5581993676700070E-08
         2         92   0.0000000000000000E+00   6.1288443690141615E-06   2.2510192234361999E-08   9.2346529979839705E-08
         2         93   0.0000000000000000E+00   3.5248274067249782E-07   1.6222037233222393E-10   3.9577973589620359E-09
         2         94   0.0000000000000000E+00   8.7844148410252260E-07   2.5835462337764420E-09   2.0517516097004873E-08
         2         95   0.0000000000000000E+00   8.8190255648853942E-07   4.4497429432065473E-10   1.1719028641280880E-08
         2         96   0.0000000000000000E+00   3.3884983118834811E-02   1.6172973569409650E-03   1.6726480996651742E-03
         2         97   2.7573854589341808E-07   1.1881331916568393E-01   4.1800031623204070E-03   5.4865244397298753E-03
         2         98   0.0000000000000000E+00   7.1373257608470742E-02   3.7025058863242697E-03   3.6398196773000913E-03
         2         99   0.0000000000000000E+00   3.5829264264139295E-03   2.9183831220900638E-05   9.3103364388949332E-05
         2        100   0.0000000000000000E+00   3.3125491974701458E-03   6.1588306605157503E-05   1.9028062763579167E-04
         2        101   1.5775510862564276E-01   1.5800222898880917E-01   1.5787276489791194E-01   5.6490456454851946E-05
         2        102   0.0000000000000000E+00   2.4429415792129670E-02   1.2535528529096244E-03   1.2193710664136854E-03
         2        103   0.0000000000000000E+00   2.7671457495974808E-03   5.4366584360629724E-05   1.6408876585221273E-04
         2        104   0.0000000000000000E+00   2.7131623929919722E-03   6.5260883275804137E-05   1.8516997311562760E-04
         2        105   0.0000000000000000E+00   9.9226422963589779E-03   1.3653219614899958E-04   3.8278943935887754E-04
         2        106   0.0000000000000000E+00   3.8048988860192074E-03   3.3968415715275169E-05   1.0859147325201447E-04
         2        107   0.0000000000000000E+00   4.6433933658635929E-04   9.7689737586235279E-06   2.6823645893474664E-05
         2        108   0.0000000000000000E+00   2.4477423533241372E-05   3.4380713236125032E-08   5.8279442377533738E-07
         2        109   0.0000000000000000E+00   1.0263206817044798E-03   3.6443889511502849E-06   2.3926607151966880E-05
         2        110   0.0000000000000000E+00   9.2047641553427189E-06   9.0512785351801789E-09   1.6047617003169459E-07
         3          1   8.1909099674249530E-02   4.4214569002629223E-01   3.0867710413595423E-01   1.4621896471918595E-02
         3          2   0.0000000000000000E+00   7.8623222369358873E-03   3.6877549350779895E-06   8.2557404555066641E-05
         3          3   1.2725170414143220E-10   7.2504326750466273E-03   1.4954980228486074E-04   1.9502534950191773E-04
         3          4   0.0000000000000000E+00   8.7739671300352002E-03   9.7112335764693136E-05   2.7408069481114921E-04
         3          5   0.0000000000000000E+00   1.6352915604665817E-04   1.1831736303079355E-06   3.9731367437821537E-06
         3          6   3.5024598547816344E-01   9.8275456743177214E-01   7.1276171139413469E-01   4.8437203528417461E-02
         3          7   0.0000000000000000E+00   8.9286861815672941E-02   1.1817741937010848E-04   1.2050281938690874E-03
         3          8   3.9479163065490901E-08   9.7263970319946089E-02   4.4408487387269501E-03   3.4205833011712074E-03
         3          9   0.0000000000000000E+00   6.8066124416307258E-02   1.7545743979038853E-03   4.2212075686261577E-03
         3         10   0.0000000000000000E+00   3.9612933912201807E-03   5.7563560187696656E-05   1.5584226575672609E-04
         3         11   4.5846088623236947E-01   1.3071138367516650E+00   7.7984623287667054E-01   1.2597855913382222E-01
         3         12   0.0000000000000000E+00   4.2456568667724265E-01   1.9624838305331255E-03   9.4281022874740418E-03
         3         13   4.5572954057624200E-06   4.8554627059186656E-01   5.2520896568162806E-02   2.6086687322123953E-02
         3         14   0.0000000000000000E+00   2.1102345922550242E-01   1.2429518992347567E-02   2.6340338003369847E-02
         3         15   0.0000000000000000E+00   3.5300747970230389E-02   1.0957475300056041E-03   2.4586816503174933E-03
         3         16   1.3380254365904454E-01   1.7918027288204967E+00   7.2036149432067420E-01   1.8256639158192534E-01
         3         17   0.0000000000000000E+00   9.6480783007512372E-01   1.5799643935874068E-02   4.6622733549365601E-02
         3         18   1.9678442610446281E-04   9.8488630258004128E-01   2.5379728192168333E-01   8.5150699124554016E-02
         3         19   0.0000000000000000E+00   4.3321622680760474E-01   3.5235773800860619E-02   6.7421180868229499E-02
         3         20   0.0000000000000000E+00   1.4979492809590733E-01   8.2762821250133636E-03   1.5720275262823713E-02
         3         21   1.7019038364985351E-02   1.8830397957278442E+00   9.1715046107320863E-01   2.2748468103616856E-01
         3         22   0.0000000000000000E+00   1.2343158233695157E+00   6.0790490961814755E-02   1.4193568643859003E-01
         3         23   3.2048798728071207E-03   1.1715194208304578E+00   5.3371126179055151E-01   1.2886283267356019E-01
         3         24   0.0000000000000000E+00   5.0560730702105150E-01   4.2431539737723151E-02   7.3923664879028420E-02
         3         25   0.0000000000000000E+00   3.0478451912627902E-01   2.5538942542829051E-02   4.1629801805502603E-02
         3         26   1.3879149265108951E-02   1.8105964557040188E+00   1.0341172345589469E+00   2.2404683985404031E-01
         3         27   0.0000000000000000E+00   1.0260211876548626E+00   1.1656550155366500E-01   2.4489839892087589E-01
         3         28   1.9334955673621302E-02   1.0540425375852380E+00   5.6232769046462738E-01   1.2561584052105354E-01
         3         29   0.0000000000000000E+00   2.9860596164604508E-01   2.7190164606790770E-02   4.1108672902536975E-02
         3         30   0.0000000000000000E+00   3.3133203672997319E-01   3.4453129158788065E-02   4.8523866656809987E-02
         3         31   4.1243612087363608E-02   1.2469249479206197E+00   7.6665086145094707E-01   1.6243416029358296E-01
         3         32   0.0000000000000000E+00   9.9933872582002115E-01   1.2153751592477424E-01   2.4061895369702530E-01
         3         33   1.4497616874434875E-02   7.1042940643208552E-01   3.7725780133772152E-01   8.7827130730847608E-02
         3         34   0.0000000000000000E+00   1.8185357610603112E-01   1.6051996054515287E-02   2.2092840470470183E-02
         3         35   0.0000000000000000E+00   1.8752819334852064E-01   2.3859083153001840E-02   2.9666542222090898E-02
         3         36   2.1058508434608551E-02   6.2650478303811197E-01   3.9319405822478859E-01   8.7474094977923272E-02
         3         37   0.0000000000000000E+00   5.9563675215178491E-01   7.6344523436405881E-02   1.4454043378548528E-01
         3         38   2.4290497932000599E-03   3.3905047826290180E-01   1.9381359523710645E-01   4.8384121876381997E-02
         3         39   0.0000000000000000E+00   9.6233395990109480E-02   9.8659478127828687E-03   1.3015175633388956E-02
         3         40   0.0000000000000000E+00   9.1037701524214254E-02   1.1188209186835774E-02   1.3388286456410428E-02
         3         41   1.5462902892075204E-03   2.5365272535318717E-01   1.4736411017164658E-01   3.4639300111444921E-02
         3         42   0.0000000000000000E+00   2.4565523289710137E-01   3.0629314733591130E-02   5.5941287604096876E-02
         3         43   5.3553535490465153E-04   1.4635793148100126E-01   7.3519785256888834E-02   1.9885588067344213E-02
         3         44   0.0000000000000000E+00   3.7498023705238165E-02   4.2085518750122758E-03   5.2513626639917564E-03
         3         45   0.0000000000000000E+00   4.0805223747738338E-02   4.1431817737034825E-03   5.0052836726537367E-03
         3         46   5.8700408005586365E-04   6.5118359839182280E-02   3.7124158601308486E-02   9.1103789172269391E-03
         3         47   0.0000000000000000E+00   5.5093003788689275E-02   7.6678794060938797E-03   1.3586480529752859E-02
         3         48   1.6883807532034803E-05   3.6763622118111149E-02   1.8167327316182667E-02   5.1208628504433081E-03
         3         49   0.0000000000000000E+00   1.2460034491210440E-02   1.0620654953311134E-03   1.3151899356605033E-03
         3         50   0.0000000000000000E+00   1.0895681225152609E-02   1.0534805207984312E-03   1.2884804516414853E-03
         3         51   1.9785044814001562E-02   1.7221078730947242E-01   8.1281332077823371E-02   1.9965006459893280E-02
         3         52   0.0000000000000000E+00   7.7008751746204127E-02   1.7626794257525082E-03   4.3689030786191740E-03
         3         53   1.0243985721106218E-04   1.0528712910944081E-01   1.9718140527067874E-02   7.2715199483789515E-03
         3         54   0.0000000000000000E+00   3.4155505674970811E-02   2.6348625395789345E-03   4.8557063700113640E-03
         3         55   0.0000000000000000E+00   1.0027115425033480E-02   6.6298761186233226E-04   1.0586370546323057E-03
         3         56   0.0000000000000000E+00   2.3221209532208326E-02   2.9955247455146938E-04   8.4341901150347415E-04
         3         57   0.0000000000000000E+00   2.9585175139334421E-02   1.9038395478672174E-04   7.9446669144814198E-04
         3         58   0.0000000000000000E+00   5.3771065382040226E-03   2.2944222373538934E-05   1.4628898586349347E-04
         3         59   0.0000000000000000E+00   1.1369760212017049E-03   7.1663972584881295E-06   4.5252274509496134E-05
         3         60   5.6190180924084346E-12   1.5436180266200215E-02   1.2202920834433180E-03   7.0332055711829085E-04
         3         61   0.0000000000000000E+00   1.0957760965698620E-02   3.1873838919398059E-04   6.1327619045220311E-04
         3         62   0.0000000000000000E+00   1.2027507285363940E-03   9.0931315311437131E-05   1.3820710879395697E-04
         3         63   0.0000000000000000E+00   2.0495470161189331E-03   1.7974987214489309E-05   9.4322458145583045E-05
         3         64   0.0000000000000000E+00   1.6136945338973525E-03   2.4274337746256752E-05   7.7490868375749270E-05
         3         65   0.0000000000000000E+00   2.4347445082240993E-04   1.0315079961912590E-06   6.7823126233630587E-06
         3         66   1.4828174226470932E-02   2.7635225889487397E-01   1.0307489655718427E-01   2.7410745315200106E-02
         3         67   0.0000000000000000E+00   1.9504136089457841E-01   3.4475059219049487E-03   9.0142405728361134E-03
         3         68   2.5459457251129236E-04   2.9300430636326280E-01   8.3742159247777503E-02   2.6352580943072718E-02
         3         69   0.0000000000000000E+00   3.7966619492217073E-02   2.5355957590418293E-03   4.2404061188766294E-03
         3         70   0.0000000000000000E+00   3.5140382623895017E-02   2.7973915296143487E-03   4.4236186671540879E-03
         3         71   0.0000000000000000E+00   1.3569661198195795E-01   3.2964893137630413E-03   8.0463151159563054E-03
         3         72   0.0000000000000000E+00   4.5679358645929785E-02   4.1066811734905944E-04   1.6935635758840058E-03
         3         73   0.0000000000000000E+00   4.9848365067693672E-03   3.7657168586644552E-05   2.3387036622477206E-04
         3         74   0.0000000000000000E+00   2.4308854631167661E-03   1.6444821094139089E-05   1.0228073918811212E-04
         3         75   1.1591300632537191E-11   3.6059029199619168E-02   3.4605729788322543E-03   1.8287530169471423E-03
         3         76   0.0000000000000000E+00   2.3765775893461613E-02   1.1883465264720457E-03   2.0789619262322682E-03
         3         77   0.0000000000000000E+00   2.7493391650410086E-03   2.4907977825045326E-04   3.4741544839484779E-04
         3         78   0.0000000000000000E+00   2.3310051012804863E-03   2.1171990438492459E-05   1.2015730983057979E-04
         3         79   0.0000000000000000E+00   4.5788617254311527E-03   7.2251657858109089E-05   2.3237914855893306E-04
         3         80   0.0000000000000000E+00   4.5147516610951379E-04   1.8410241185119567E-06   1.3086951441648987E-05
         3         81   3.0038124662452822E-03   5.0787904201712829E-02   2.1509616726206025E-02   6.4502833931337376E-03
         3         82   0.0000000000000000E+00   2.0710031559111497E-02   3.4017663244161913E-04   9.8370798783317410E-04
         3         83   9.8358643015396380E-06   2.6614569648646971E-02   4.2094834341951234E-03   1.6367875173321134E-03
         3         84   0.0000000000000000E+00   1.2000908780138049E-02   8.0997784762169606E-04   1.5994025587848656E-03
         3         85   0.0000000000000000E+00   2.3135787044491979E-03   1.1144617671919531E-04   2.0526576193230099E-04
         3         86   0.0000000000000000E+00   4.7548909518858450E-04   1.3920593330451909E-06   7.8730038939290879E-06
         3         87   0.0000000000000000E+00   5.4858585537746465E-03   1.5031187978447724E-05   8.5485458937192230E-05
         3         88   0.0000000000000000E+00   2.4713223547099231E-03   2.8563045522306035E-06   2.7149677158421306E-05
         3         89   0.0000000000000000E+00   8.5696358663307944E-05   4.2571315390471041E-07   2.8684027959163482E-06
         3         90   5.7082832542996650E-15   2.4924949082630299E-03   8.9940313261915495E-05   8.1823364449297176E-05
         3         91   0.0000000000000000E+00   1.8021250600197371E-03   2.4567580624287691E-05   5.7078417621403826E-05
         3         92   0.0000000000000000E+00   1.5190447210490680E-04   5.3048938364001510E-06   1.0130332541569920E-05
         3         93   0.0000000000000000E+00   4.5937909945686169E-04   2.9776128655874056E-06   1.6356556870905905E-05
         3         94   0.0000000000000000E+00   2.4378992025590347E-04   2.1123866255940254E-06   8.1091923498662118E-06
         3         95   0.0000000000000000E+00   2.5513801061894648E-05   8.7000615691853301E-08   5.8935439652803682E-07
         3         96   5.6854975152775529E-04   1.1857515792112226E-01   4.5360214005926935E-02   1.3517649627957215E-02
         3         97   0.0000000000000000E+00   1.1596282196586893E-01   1.6009308043280848E-03   4.8664584263040022E-03
         3         98   1.8178182472318910E-04   1.8802650720452085E-01   6.3811855960444266E-02   1.9335802356548575E-02
         3         99   0.0000000000000000E+00   1.4661715335329704E-02   7.8110259570525313E-04   1.2051195841748920E-03
         3        100   0.0000000000000000E+00   2.5188660040449042E-02   2.0094966948316544E-03   3.2899556047314648E-03
         3        101   0.0000000000000000E+00   9.1069117538519581E-02   2.6001852849457320E-03   6.2013224043710458E-03
         3        102   0.0000000000000000E+00   1.9633392471718608E-02   1.5982339024801418E-04   6.9319005995974929E-04
         3        103   0.0000000000000000E+00   1.6580090390881635E-03   1.2183253928984075E-05   7.8569714484714298E-05
         3        104   0.0000000000000000E+00   1.0569402581472730E-03   6.4476962762415862E-06   4.0138436546275577E-05
         3        105   3.5412936411805040E-12   1.8561663032415601E-02   1.6768221405142848E-03   8.7038476335932864E-04
         3        106   0.0000000000000000E+00   1.2303029709632931E-02   6.7772109847960105E-04   1.1374918954445538E-03
         3        107   0.0000000000000000E+00   1.1469168037346268E-03   1.1207947889534971E-04   1.4918977237169507E-04
         3        108   0.0000000000000000E+00   6.3216314754445141E-04   4.9973836323878290E-06   2.9774386767286854E-05
         3        109   0.0000000000000000E+00   2.0517705330422619E-03   3.6513215625151111E-05   1.1809390666490717E-04
         3        110   0.0000000000000000E+00   1.3576113892414609E-04   5.7874456106126963E-07   4.4390002342367863E-06
         4          1   8.7716469064787122E-06   1.5742034104906270E-02   3.2467117018127614E-04   4.9189334623881450E-04
         4          2   0.0000000000000000E+00   2.2168150614446030E-04   1.0998675114420958E-06   7.7525153467345684E-06
         4          3   8.0836521080485181E-05   2.1062189510403527E-02   1.6534042096676600E-03   9.5164081429293464E-04
         4          4   0.0000000000000000E+00   5.0400540111359675E-05   6.6026649867722028E-07   3.7824826529817590E-06
         4          5   0.0000000000000000E+00   1.3876003525240630E-03   3.1320281434141350E-05   8.0845178663919003E-05
         4          6   5.6709687625879426E-04   1.6039651425312693E-01   8.7992723367390172E-03   6.8442092888025734E-03
         4          7   0.0000000000000000E+00   6.3563920058782386E-03   5.3659986027528177E-05   2.8234709776572630E-04
         4          8   2.8736232030935802E-03   1.8099389597958732E-01   2.9872834103163440E-02   1.2298731359274707E-02
         4          9   0.0000000000000000E+00   1.6085339990897832E-03   2.8571946916949529E-05   1.3879349625582009E-04
         4         10   0.0000000000000000E+00   1.9186604328193500E-02   8.3251054497825974E-04   1.6953586531871158E-03
         4         11   1.2677728986353333E-02   6.6374711870843628E-01   1.0277342722014231E-01   4.5603618751794951E-02
         4         12   0.0000000000000000E+00   7.2123681802786152E-02   1.1376670943227805E-03   4.4507748660153829E-03
         4         13   2.9429770375353773E-02   6.1023730420808586E-01   2.1162109699315132E-01   6.3963815696612331E-02
         4         14   0.0000000000000000E+00   1.8929109326500822E-02   5.1234402359631335E-04   1.9406401003008926E-03
         4         15   0.0000000000000000E+00   1.0326626115308032E-01   8.8836773299640990E-03   1.4447836101504349E-02
         4         16   1.1091610753565150E-01   1.2857411105937411E+00   5.1503980217238166E-01   1.4811333674296887E-01
         4         17   0.0000000000000000E+00   3.4510161028821840E-01   1.0787421046683454E-02   3.3326187923850337E-02
         4         18   1.2227780157409618E-01   1.1790618496395502E+00   5.9991324762699660E-01   1.4092981542362859E-01
         4         19   0.0000000000000000E+00   8.2941006402996509E-02   4.1189057837136027E-03   1.0847315481922469E-02
         4         20   0.0000000000000000E+00   3.1552395875235845E-01   3.8846533204057752E-02   5.1277428487112427E-02
         4         21   3.8901435819522601E-01   2.0234517787639210E+00   1.1270025781134281E+00   2.4222195127123289E-01
         4         22   0.0000000000000000E+00   7.7739259750068890E-01   4.7241128882453090E-02   1.2713558151726506E-01
         4         23   1.7801240042943536E-01   1.1940828819093092E+00   7.2242610449638311E-01   1.5924467094349951E-01
         4         24   0.0000000000000000E+00   1.5175025906593465E-01   1.6381930055220796E-02   2.7301906574963019E-02
         4         25   0.0000000000000000E+00   4.9901502134861109E-01   7.2324827464482683E-02   7.9144139359954235E-02
         4         26   3.0115129722527251E-01   1.8206843860620026E+00   1.1548239080549025E+00   2.3292080768632262E-01
         4         27   0.0000000000000000E+00   9.7297576826881060E-01   1.0039432587300424E-01   2.5021053720896563E-01
         4         28   7.3915239078293074E-02   8.2881791579268804E-01   4.6293122566174666E-01   1.1911096289613644E-01
         4         29   0.0000000000000000E+00   2.1243876513249890E-01   3.4576059599774833E-02   3.8101296457314707E-02
         4         30   0.0000000000000000E+00   3.0987477464324337E-01   6.3487549816550207E-02   5.7721659565951905E-02
         4         31   1.4981902424301666E-01   1.1733754673259151E+00   6.7990555889543169E-01   1.5602987460112325E-01
         4         32   0.0000000000000000E+00   9.9958904567470519E-01   1.1231018857499017E-01   2.6256852325153868E-01
         4         33   1.6967999447983287E-02   5.7749575112889240E-01   2.7329625676405028E-01   8.0866399894807761E-02
         4         34   0.0000000000000000E+00   1.6485307635982299E-01   3.9082566433408579E-02   3.4200768525501260E-02
         4         35   0.0000000000000000E+00   1.5166795049838988E-01   3.6159782727929773E-02   2.6858823142409463E-02
         4         36   2.9659236323722776E-02   5.3395567587614490E-01   3.2489824719021732E-01   8.4388232837234733E-02
         4         37   0.0000000000000000E+00   5.9562692634954451E-01   7.3494094516763114E-02   1.6117807231983111E-01
         4         38   5.0631520106359362E-03   3.1715403223371491E-01   1.6797453709220009E-01   4.9804030162077878E-02
         4         39   0.0000000000000000E+00   9.7391341263143194E-02   2.3451036388370764E-02   1.9137287420115959E-02
         4         40   0.0000000000000000E+00   8.2963602252924526E-02   2.0722145186689467E-02   1.5388294197330763E-02
         4         41   4.2856421389796586E-03   2.3244215787259770E-01   1.3408684548057806E-01   3.6317416106744674E-02
         4         42   0.0000000000000000E+00   2.4492606542192541E-01   3.0297464413289420E-02   6.2813619637833898E-02
         4         43   2.6799474459148465E-03   1.3083605191156580E-01   7.1653485954766602E-02   2.0954438138897902E-02
         4         44   0.0000000000000000E+00   3.4836542206176345E-02   7.6717348027588060E-03   6.4678414154896975E-03
         4         45   0.0000000000000000E+00   3.7565200854647998E-02   9.7533315657095682E-03   7.2327663644449090E-03
         4         46   2.1539688190758287E-04   6.2923939857205347E-02   3.6780059165452787E-02   1.0249149859633077E-02
         4         47   0.0000000000000000E+00   5.5090753843188935E-02   7.7379154753903865E-03   1.5392720873361724E-02
         4         48   4.0324869904670511E-04   3.4376990048828569E-02   1.8082394446552522E-02   5.4150134608103098E-03
         4         49   0.0000000000000000E+00   7.2472378086297449E-03   1.4464091917129500E-03   1.3709677814795140E-03
         4         50   0.0000000000000000E+00   1.0346928382269319E-02   2.6205503793919065E-03   1.9385830359337480E-03
         4         51   3.8717274132553332E-04   3.2038291982403024E-02   5.9946327066952715E-03   2.9569264676687205E-03
         4         52   0.0000000000000000E+00   9.7284014496501949E-03   2.9036440555974213E-04   7.2859397740483668E-04
         4         53   6.5367417216603168E-04   5.6214064933168606E-02   1.0761330157156936E-02   5.2688308997794414E-03
         4         54   0.0000000000000000E+00   3.2343848583655469E-03   2.5295106249350268E-04   4.1594499760294807E-04
         4         55   0.0000000000000000E+00   5.0801821064269097E-03   7.1601180074184177E-04   7.7230499049001176E-04
         4         56   0.0000000000000000E+00   5.7648345274316556E-03   2.1521484325059332E-04   6.1560323379679361E-04
         4         57   0.0000000000000000E+00   7.3906220849990784E-03   3.3337921096219570E-04   8.4607244583504489E-04
         4         58   0.0000000000000000E+00   7.6687964876983100E-05   8.3009368237935541E-07   5.1603318573795464E-06
         4         59   0.0000000000000000E+00   3.2114937928556493E-03   4.0923787370716513E-05   1.9428088881385538E-04
         4         60   3.2839708365015484E-05   2.1503410877822038E-02   4.7606085088287200E-03   2.4927043226956260E-03
         4         61   0.0000000000000000E+00   3.0162888445118947E-03   2.2760755585940837E-04   4.1531178705160311E-04
         4         62   0.0000000000000000E+00   3.7331621968104516E-03   5.8970471262718884E-04   6.0934417413833716E-04
         4         63   0.0000000000000000E+00   6.9288285557997622E-05   1.4993957414835185E-06   5.4903463721323496E-06
         4         64   0.0000000000000000E+00   7.9942824412820260E-04   2.4059241845337313E-05   5.5798567009064704E-05
         4         65   0.0000000000000000E+00   8.1824682597836167E-04   1.4908879290461560E-05   5.4693075845883806E-05
         4         66   5.0783699017938983E-03   9.7457218266762582E-02   2.9142533759805984E-02   1.1102335519460079E-02
         4         67   0.0000000000000000E+00   3.6979161836483629E-02   7.9081228786582287E-04   2.0098858706731216E-03
         4         68   1.8171584078238153E-02   2.3206663109801318E-01   7.7269273262421626E-02   2.4142188207364069E-02
         4         69   0.0000000000000000E+00   8.9042953182166210E-03   9.5855261347905141E-04   1.2595541964868021E-03
         4         70   0.0000000000000000E+00   1.6027324765764007E-02   2.6046040459642554E-03   2.4300871636378984E-03
         4         71   0.0000000000000000E+00   5.0389230378267202E-02   2.5250724997906561E-03   6.8138593834523448E-03
         4         72   0.0000000000000000E+00   2.4593409836150770E-02   6.9840108899957287E-04   1.7260333798232998E-03
         4         73   0.0000000000000000E+00   1.7265393973544220E-04   1.8753353400508802E-06   1.1271338199576706E-05
         4         74   0.0000000000000000E+00   6.0117864554370855E-03   8.3191023174707132E-05   3.8061112860349617E-04
         4         75   1.4948577527608897E-04   5.0765036718245400E-02   8.0689693417474086E-03   4.2622019898774424E-03
         4         76   0.0000000000000000E+00   9.9551010084280890E-03   1.1054008027087323E-03   1.5893339296033293E-03
         4         77   0.0000000000000000E+00   5.6158716411644867E-03   1.0537166531334784E-03   9.1442995738739313E-04
         4         78   0.0000000000000000E+00   1.6445308686253228E-04   4.4151298800778714E-06   1.5679413863913030E-05
         4         79   0.0000000000000000E+00   2.5246617900300675E-03   1.1582555109315742E-04   2.4518647004954897E-04
         4         80   0.0000000000000000E+00   8.0331243376869580E-04   1.7961045658183011E-05   6.5674909315269561E-05
         4         81   5.9058347078903867E-06   5.0654517159618015E-03   3.4529531196474778E-04   2.4670870623832460E-04
         4         82   0.0000000000000000E+00   7.0592474124576900E-04   1.7385817082593778E-05   4.8875382806553765E-05
         4         83   2.0330029038531616E-05   7.3463511666962897E-03   9.5666090703272271E-04   5.7188428338514894E-04
         4         84   0.0000000000000000E+00   1.9656518627676840E-04   7.6076980613834430E-06   2.1104644758955485E-05
         4         85   0.0000000000000000E+00   6.5238755779035474E-04   4.9343765125703245E-05   6.7609178786300186E-05
         4         86   0.0000000000000000E+00   4.3940305666834389E-05   7.9655424305607491E-07   2.8603150423807211E-06
         4         87   0.0000000000000000E+00   6.6992538202298023E-04   2.7285662837702396E-05   7.7373390643474904E-05
         4         88   0.0000000000000000E+00   5.9141586102065613E-06   4.6970433952292155E-08   3.2577807894401860E-07
         4         89   0.0000000000000000E+00   3.0003704393225406E-04   3.1223906236664260E-06   1.6451063604754234E-05
         4         90   4.5333514894705651E-07   3.5046447305792272E-03   6.5384725650686755E-04   3.7195063891561032E-04
         4         91   0.0000000000000000E+00   2.5125101939877943E-04   8.8712414792006495E-06   2.5711598261276763E-05
         4         92   0.0000000000000000E+00   6.2855922574941872E-04   7.1466864253451313E-05   9.2121389684041431E-05
         4         93   0.0000000000000000E+00   2.7180197880949196E-06   4.0689531289510424E-08   1.8894895454855397E-07
         4         94   0.0000000000000000E+00   2.9230394679975344E-05   4.1198902845320571E-07   1.3978562015941953E-06
         4         95   0.0000000000000000E+00   1.2470994626803707E-04   2.0849168883744347E-06   8.8972752259767676E-06
         4         96   3.8832448595301811E-03   5.8913126385658349E-02   1.9156835947863514E-02   6.5908763463269340E-03
         4         97   0.0000000000000000E+00   2.2721054868459097E-02   3.7049007909786895E-04   1.0224630161393519E-03
         4         98   1.6035941237069914E-02   1.5943489372591796E-01   6.1330042961372226E-02   1.6971425993892540E-02
         4         99   0.0000000000000000E+00   4.3312799885573371E-03   5.0893382573419623E-04   6.0076774835505424E-04
         4        100   0.0000000000000000E+00   8.9219448413436955E-03   1.5018232360338962E-03   1.3260153061503653E-03
         4        101   0.0000000000000000E+00   3.7696885064572118E-02   2.0162116743905863E-03   5.3871202107281030E-03
         4        102   0.0000000000000000E+00   1.3045963230202361E-02   2.6999500427592654E-04   7.0777654988808799E-04
         4        103   0.0000000000000000E+00   8.8726746052334389E-05   7.2235363675059043E-07   4.4901949969341815E-06
         4        104   0.0000000000000000E+00   2.1271994357608712E-03   3.0255506376117328E-05   1.3664877308757945E-04
         4        105   3.3639092441376786E-05   2.3322527577722459E-02   2.8722934131093268E-03   1.5658774885145097E-03
         4        106   0.0000000000000000E+00   5.4455709879107717E-03   6.7963841799901581E-04   8.8639070536078327E-04
         4        107   0.0000000000000000E+00   1.7041757890072418E-03   3.7887179505301851E-04   2.8894580149263607E-04
         4        108   0.0000000000000000E+00   9.0531593167971587E-05   1.9453254130287043E-06   7.0799237991396556E-06
         4        109   0.0000000000000000E+00   1.2384278428583914E-03   6.8538151806088506E-05   1.4066217030188821E-04
         4        110   0.0000000000000000E+00   1.5422194432456748E-04   3.7886559564387281E-06   1.4224842197563457E-05
         5          1   1.9852137895519170E-05   2.5359470074477631E-02   5.8540935143582412E-03   2.9142273583842864E-03
         5          2   0.0000000000000000E+00   1.1546379098232779E-04   1.2125932707373155E-06   6.3046004593166919E-06
         5          3   4.9009996873412511E-07   1.9373876794458679E-04   2.0144343617262081E-05   1.4184831135409418E-05
         5          4   0.0000000000000000E+00   1.3876003525167967E-03   3.1320281434141350E-05   8.3149271188761822E-05
         5          5   0.0000000000000000E+00   1.3440053113672833E-06   1.4111448079896750E-08   7.8302064726316779E-08
         5          6   9.8909854712932784E-04   2.0713613008748111E-01   7.5164861249055498E-02   2.7636916086729385E-02
         5          7   0.0000000000000000E+00   3.8288471355179352E-03   6.3390330808081938E-05   2.6580135673804825E-04
         5          8   4.4248034550632206E-05   5.4122551080439743E-03   9.8005914478681701E-04   5.0370448430745438E-04
         5          9   0.0000000000000000E+00   1.9186604320831857E-02   8.3251054497825974E-04   1.8052405169541852E-03
         5         10   0.0000000000000000E+00   9.0436556955104580E-05   1.2778347424363044E-06   6.1702140519576648E-06
         5         11   1.8971992468610574E-02   7.3720486930372597E-01   3.9150140431053332E-01   1.1110487988094991E-01
         5         12   0.0000000000000000E+00   4.9924621459126739E-02   1.3908823235384965E-03   4.6461830541579255E-03
         5         13   1.5138079666013866E-03   6.5439453897462099E-02   1.8655854218500696E-02   6.9841170600666242E-03
         5         14   0.0000000000000000E+00   1.2150608011767251E-01   8.8836773299640973E-03   1.6204118009942287E-02
         5         15   0.0000000000000000E+00   2.2386788208347439E-03   4.4772149205279741E-05   1.8585314189744636E-04
         5         16   1.4419434243516244E-01   1.4565253058901217E+00   8.8485673969551304E-01   2.1403079521743318E-01
         5         17   0.0000000000000000E+00   2.9553292166516160E-01   1.3229153449426512E-02   3.6156053356092441E-02
         5         18   2.0131183867169739E-02   3.1634343994294123E-01   1.4090938703246975E-01   3.8472866896551987E-02
         5         19   0.0000000000000000E+00   3.5742533131231941E-01   3.8846533204057745E-02   6.1344559538676298E-02
         5         20   0.0000000000000000E+00   2.0386678981172076E-02   6.2098596057960534E-04   2.1695684865094722E-03
         5         21   2.8290377962931212E-01   1.7719131921563973E+00   1.0548681113638743E+00   2.4477849897985929E-01
         5         22   0.0000000000000000E+00   7.1900456890816988E-01   5.6752468391745768E-02   1.3656128025003780E-01
         5         23   1.0992367333317608E-01   7.5700446102555130E-01   4.3481803602262958E-01   9.0292035307264332E-02
         5         24   0.0000000000000000E+00   5.0821102744237212E-01   7.2324827464482697E-02   1.0077899261890355E-01
         5         25   0.0000000000000000E+00   6.8944895794467359E-02   3.5664496972488222E-03   1.0068898916241069E-02
         5         26   1.9357519603239978E-01   1.5529329425827532E+00   9.3535841426521038E-01   2.1437560428333058E-01
         5         27   0.0000000000000000E+00   9.3836612152689980E-01   1.1626354104159234E-01   2.6416828473359127E-01
         5         28   1.8917226297713199E-01   9.4654672941286855E-01   5.8658818510340449E-01   1.1044427069493638E-01
         5         29   0.0000000000000000E+00   4.2694526161445040E-01   6.3487549816550207E-02   7.5371244095701118E-02
         5         30   0.0000000000000000E+00   1.3757140419494884E-01   9.2532328646737182E-03   1.9757487223911900E-02
         5         31   1.2566303051145919E-01   1.0756105016635593E+00   6.8892642076031585E-01   1.6167111258305872E-01
         5         32   0.0000000000000000E+00   9.9881853236972917E-01   1.2408327555874668E-01   2.7370614203046684E-01
         5         33   8.8649109820640434E-02   6.4572139132547390E-01   4.0621727624356291E-01   8.9311366830179983E-02
         5         34   0.0000000000000000E+00   1.5799100548553624E-01   3.6159782727929773E-02   3.1312421674071833E-02
         5         35   0.0000000000000000E+00   1.3425103752981021E-01   1.2430812422072005E-02   1.9252948011411634E-02
         5         36   4.3374675834159139E-02   6.0147057240691959E-01   3.7018787827612010E-01   9.4754506382225240E-02
         5         37   0.0000000000000000E+00   5.9551979565804924E-01   7.6995222895681628E-02   1.6574680782934714E-01
         5         38   1.0336094313648391E-02   3.2127507124559618E-01   1.9048694506720071E-01   5.0553582215158648E-02
         5         39   0.0000000000000000E+00   1.0096058980424720E-01   2.0722145186689467E-02   1.5551851402148504E-02
         5         40   0.0000000000000000E+00   7.8840308705828047E-02   9.7889792736876435E-03   1.1975036333544110E-02
         5         41   8.5359086054684098E-03   2.2847494227070020E-01   1.3909338854380193E-01   3.8284176797448992E-02
         5         42   0.0000000000000000E+00   2.4481646804954987E-01   3.0084531285868910E-02   6.3578903178495516E-02
         5         43   1.3871166369210596E-03   1.3330110624744645E-01   7.0540515086140329E-02   2.1014998239009652E-02
         5         44   0.0000000000000000E+00   4.6331123638001778E-02   9.7533315657095682E-03   7.3173402808634968E-03
         5         45   0.0000000000000000E+00   3.6479651452631337E-02   4.6483271619622351E-03   5.0833584271414694E-03
         5         46   4.3709153722159427E-04   5.8135349184262261E-02   3.4553441448845208E-02   9.9237950423578369E-03
         5         47   0.0000000000000000E+00   5.5062125622599607E-02   7.3492576393167156E-03   1.5314269758637854E-02
         5         48   1.6296774134308699E-04   3.5539139945369926E-02   1.7936229359280603E-02   5.6727985507633340E-03
         5         49   0.0000000000000000E+00   1.0901345227156634E-02   2.6205503793919060E-03   1.9677094471797418E-03
         5         50   0.0000000000000000E+00   7.8437306173809694E-03   1.2840709213898340E-03   1.3650190146906262E-03
         5         51   2.4001818967291070E-04   3.9524833966065168E-02   1.4700167376936293E-02   6.5930940055306374E-03
         5         52   0.0000000000000000E+00   1.0483312531725618E-02   6.4031240111906351E-04   1.5647070239973848E-03
         5         53   3.0951820793148030E-04   1.6865919989341473E-02   6.1039858047035808E-03   2.5373712798675294E-03
         5         54   0.0000000000000000E+00   8.3748063121092103E-03   9.7572765665169853E-04   1.2595744073769623E-03
         5         55   0.0000000000000000E+00   1.6619339855034026E-03   6.9686692367729023E-05   1.7047334036721258E-04
         5         56   0.0000000000000000E+00   4.8550077744048273E-03   2.5975647883593600E-04   6.6258779914592821E-04
         5         57   0.0000000000000000E+00   1.9987419638415470E-03   1.2165548761574908E-04   2.9646966679347953E-04
         5         58   0.0000000000000000E+00   1.8180680297321095E-03   4.1072667952742978E-05   1.7518401429672336E-04
         5         59   0.0000000000000000E+00   3.9357412258387302E-05   3.6221294346700187E-07   2.6685134567055493E-06
         5         60   1.9226733797476540E-05   2.1370394521337322E-03   6.8826739597766320E-04   2.9016656319561483E-04
         5         61   0.0000000000000000E+00   3.1061048272033637E-03   2.9737230075321298E-04   4.0914493202798844E-04
         5         62   0.0000000000000000E+00   4.0250979714361756E-04   2.0212575642388183E-05   4.3928706258951248E-05
         5         63   0.0000000000000000E+00   9.1496319379539713E-04   3.1137421587645460E-05   9.3014428827919857E-05
         5         64   0.0000000000000000E+00   3.9724490153251790E-04   1.1058418270479501E-05   3.8285013598410724E-05
         5         65   0.0000000000000000E+00   1.2761377930418165E-05   5.3617491544314513E-08   4.6787805232820261E-07
         5         66   4.3128224818102879E-03   1.0873403801140663E-01   4.5176696809861694E-02   1.6496353998022892E-02
         5         67   0.0000000000000000E+00   2.0852979393482886E-02   1.3092835487109238E-03   3.1297014647949368E-03
         5         68   1.0628122777405847E-02   1.1044982941612942E-01   5.2811345543384756E-02   1.4589265496076887E-02
         5         69   0.0000000000000000E+00   1.4786078373260524E-02   2.3448881900543987E-03   2.6340326296490479E-03
         5         70   0.0000000000000000E+00   6.2808619819630174E-03   3.2221923090339525E-04   6.8281478562380149E-04
         5         71   0.0000000000000000E+00   4.2660821627773488E-02   3.0118983736697053E-03   7.2907991895008817E-03
         5         72   0.0000000000000000E+00   4.1525115163500532E-03   2.8034172017676911E-04   6.7168401950511668E-04
         5         73   0.0000000000000000E+00   3.7922041228599301E-03   8.3042142592680660E-05   3.5657097568261604E-04
         5         74   0.0000000000000000E+00   1.3354513013013518E-04   1.2470725857366663E-06   9.1236528135066488E-06
         5         75   4.2071368447699723E-05   6.8297825712126366E-03   2.2061937916880688E-03   9.0500231325096815E-04
         5         76   0.0000000000000000E+00   9.9625012808656817E-03   1.3460490650074541E-03   1.6438098301705607E-03
         5         77   0.0000000000000000E+00   1.2708225701473423E-03   7.7601088367587964E-05   1.4569384484385166E-04
         5         78   0.0000000000000000E+00   1.2761250217131791E-03   3.8804974881601887E-05   1.1444752891445944E-04
         5         79   0.0000000000000000E+00   1.5262224270387549E-03   5.4681431626809646E-05   1.7544494989029535E-04
         5         80   0.0000000000000000E+00   3.6714686329059192E-05   1.5875918380406834E-07   1.3731507078680314E-06
         5         81   2.7476068136454846E-06   6.1415291307353329E-03   1.9348870011545094E-03   1.0320223101160507E-03
         5         82   0.0000000000000000E+00   1.6596712748809231E-03   5.9491781883343271E-05   1.6226792366696744E-04
         5         83   4.9450835354019828E-06   1.5849277689874990E-03   4.5105053811835531E-04   2.3346011426073247E-04
         5         84   0.0000000000000000E+00   1.0027656565314799E-03   1.0776451586182165E-04   1.6307749403801075E-04
         5         85   0.0000000000000000E+00   9.1048266814885235E-05   2.6744714363954900E-06   8.5901280880185572E-06
         5         86   0.0000000000000000E+00   3.4952918326661127E-05   9.7971500979852913E-07   3.0712753360354390E-06
         5         87   0.0000000000000000E+00   1.7057538206879751E-04   7.2938365743782301E-06   1.8982412736167931E-05
         5         88   0.0000000000000000E+00   1.7369831553852339E-04   3.1709007893296032E-06   1.4053628523549156E-05
         5         89   0.0000000000000000E+00   1.2160954217046392E-06   9.2377842493744178E-09   7.7823965962232751E-08
         5         90   3.1823945365535961E-07   1.2496023914984291E-04   2.7453057805377462E-05   1.4068447522079461E-05
         5         91   0.0000000000000000E+00   2.9629870820031910E-04   1.2816036958290717E-05   2.1141080431038779E-05
         5         92   0.0000000000000000E+00   1.2537038289037372E-05   4.1216098359523602E-07   1.1638037016015683E-06
         5         93   0.0000000000000000E+00   2.2804073199661872E-04   4.1791837499091255E-06   1.4084493318991915E-05
         5         94   0.0000000000000000E+00   1.2851942194779322E-05   1.5465254841687394E-07   6.8022596547355158E-07
         5         95   0.0000000000000000E+00   3.2548494457412493E-07   1.2576441274037572E-09   1.1861249046202728E-08
         5         96   3.6103252173677880E-03   6.0627949757855203E-02   2.6651307899567891E-02   8.7024794469483160E-03
         5         97   0.0000000000000000E+00   8.5137917280406240E-03   5.0334786382156009E-04   1.1999953804519516E-03
         5         98   9.5836367677156215E-03   8.4346917709080829E-02   4.3632119747840613E-02   1.1036542359657101E-02
         5         99   0.0000000000000000E+00   6.3509181107255378E-03   1.0715422684255047E-03   1.0986238164563799E-03
         5        100   0.0000000000000000E+00   3.2934226642143470E-03   1.9725392099083301E-04   3.9495906178731085E-04
         5        101   0.0000000000000000E+00   3.2003290737757178E-02   2.3991863296381464E-03   5.7575567579375483E-03
         5        102   0.0000000000000000E+00   1.5842767809069883E-03   1.1054764133403724E-04   2.6306175022402833E-04
         5        103   0.0000000000000000E+00   1.4931198567710695E-03   3.0163632268078099E-05   1.3211710733898192E-04
         5        104   0.0000000000000000E+00   6.6914342592374679E-05   6.2106503247173474E-07   4.5568880349736338E-06
         5        105   1.6196298803169625E-05   3.2521803658414430E-03   1.0920993354100463E-03   4.4812627840177128E-04
         5        106   0.0000000000000000E+00   5.3896642601328143E-03   8.2038002722074205E-04   9.5074611200780584E-04
         5        107   0.0000000000000000E+00   5.7417654098082548E-04   4.0790963089100685E-05   7.0607546669857762E-05
         5        108   0.0000000000000000E+00   3.1847380557019117E-04   8.6426227452675098E-06   2.6759033337746991E-05
         5        109   0.0000000000000000E+00   9.0994929863901560E-04   3.2620852654856892E-05   1.0189753926567648E-04
         5        110   0.0000000000000000E+00   1.7489883308328782E-05   6.9030666764715278E-08   6.0084625440577431E-07
